ISS (ZARYA)
1 25544U 98067A   24001.50000000  .00002182  00000-0  40000-4 0  9990
2 25544  51.6416 247.4627 0006703 130.5360 325.0288 15.50377579 00000
CSS (TIANHE)
1 48274U 21035A   24001.50000000  .00005770  00000-0  10000-3 0  9993
2 48274  41.4750 150.3421 0005750  55.6100 304.5050 15.60000000 00001
STARLINK-1007
1 44713U 19074B   24001.50000000  .00001200  00000-0  90000-4 0  9994
2 44713  53.0000 100.0000 0001400  80.0000 280.0000 15.06400000 00002
STARLINK-1008
1 44714U 19074C   24001.50000000  .00001300  00000-0  95000-4 0  9995
2 44714  53.0000 102.0000 0001500  82.0000 278.0000 15.06400000 00003
STARLINK-1009
1 44715U 19074D   24001.50000000  .00001250  00000-0  92000-4 0  9996
2 44715  53.0000 104.0000 0001600  84.0000 276.0000 15.06400000 00004
NOAA 15
1 25338U 98030A   24001.50000000  .00000020  00000-0  30000-4 0  9997
2 25338  98.7300 110.0000 0010800  80.0000 280.0000 14.25750000 00005
NOAA 18
1 28654U 05018A   24001.50000000  .00000015  00000-0  20000-4 0  9998
2 28654  98.8800 120.0000 0013500  90.0000 270.0000 14.09600000 00006
NOAA 19
1 33591U 09005A   24001.50000000  .00000018  00000-0  25000-4 0  9999
2 33591  98.7200 130.0000 0014000  95.0000 265.0000 14.12200000 00007
TERRA
1 25994U 99068A   24001.50000000  .00000008  00000-0  10000-4 0  9990
2 25994  98.2100 140.0000 0001200  85.0000 275.0000 14.57100000 00008
AQUA
1 27424U 02022A   24001.50000000  .00000010  00000-0  12000-4 0  9991
2 27424  98.2200 142.0000 0001300  87.0000 273.0000 14.57300000 00009
